20410 1188421490 13785
20410 1188421490 16148
20410 1188421490 19670
20410 1188421490 24262
20410 1188421490 43239
20410 1188421504 24367
20410 1188421504 31603
20410 1188421504 44011
20410 1188421519 1008
20410 1188421519 4970
20410 1188421519 8789
20410 1188421533 21319
20410 1188421533 31217
20410 1188421533 47155
20410 1188421562 2135
20410 1188421562 9369
20410 1188421576 10147
20410 1188421576 19565
20410 1188421576 39213
20410 1188421576 40551
20410 1188421576 44642
20410 1188421605 15682
20410 1188421605 25324
20410 1188421605 47120
20410 1188421605 7449
20410 1188421620 14199
20410 1188421620 17802
20410 1188421634 49721
20410 1188421634 6743
20410 1188421648 24297
20410 1188421648 39595
20410 1188421677 1387
20410 1188421677 39493
20410 1188421677 42017
20410 1188421692 9078
20410 1188421706 22811
20410 1188421706 30008
20410 1188421706 42269
20410 1188421720 18207
20410 1188421720 33087
20410 1188421720 38170
20410 1188421720 9915
20410 1188421735 11227
20410 1188421735 15212
20410 1188421735 16077
20410 1188421749 19392
20410 1188421749 40847
20410 1188421749 42749
20410 1188421778 21032
20410 1188421778 22789
20410 1188421778 27256
20410 1188421778 39146
20410 1188421778 44984
20410 1188421807 13510
20410 1188421807 18100
20410 1188421807 22073
20410 1188421821 24033
20410 1188421821 45568
20410 1188421836 5656
20410 1188421850 27201
20410 1188421850 2882
20410 1188421864 26940
20410 1188421864 623
20410 1188421879 11086
20410 1188421879 14353
20410 1188421879 23491
20410 1188421879 33772
20410 1188421879 39488
20410 1188421879 4346
20410 1188421893 30855
20410 1188421893 32936
20410 1188421893 42222
20410 1188421908 16548
20410 1188421908 32336
20410 1188421922 11872
20410 1188421922 20929
20410 1188421922 27892
20410 1188421922 41786
20410 1188421936 27407
20410 1188421936 40351
20410 1188421936 6182
20410 1188421951 10442
20410 1188421951 32277
20410 1188421951 33377
20410 1188421951 7625
20410 1188421951 9127
20410 1188421980 16177
20410 1188421980 27472
20410 1188421980 29148
20410 1188421980 32196
20410 1188421980 35346
20410 1188421980 41090
20410 1188421980 42013
20410 1188421980 442
20410 1188421994 39573
20410 1188421994 7762
20410 1188421994 9185
20410 1188422023 14481
20410 1188422023 179
20410 1188422023 26733
20410 1188422023 45548
20410 1188422023 45660
20410 1188422037 27185
20410 1188422037 7537
20410 1188422052 35358
20410 1188422080 2513
20410 1188422080 6087
20410 1188422095 26332
20410 1188422095 31376
20410 1188422095 44099
20410 1188422095 45787
20410 1188422109 14810
20410 1188422109 27344
20410 1188422109 32934
20410 1188422109 499
20410 1188422124 29986
20410 1188422124 30961
20410 1188422124 6835
20410 1188422138 35688
20410 1188422152 2729
20410 1188422152 29871
20410 1188422152 41468
20410 1188422152 41975
20410 1188422152 42099
20410 1188422152 42509
20410 1188422167 16400
20410 1188422167 21501
20410 1188422167 24521
20410 1188422167 31911
20410 1188422167 34618
20410 1188422167 3838
20410 1188422181 23595
20410 1188422210 11512
20410 1188422210 32810
20410 1188422210 35169
20410 1188422210 38214
20410 1188422210 4755
20410 1188422224 14056
20410 1188422224 37644
20410 1188422239 21332
20410 1188422239 26339
20410 1188422268 20082
20410 1188422268 36147
20410 1188422268 5586
20410 1188422282 24866
20410 1188422282 30617
20410 1188422282 9185
20410 1188422296 20313
20410 1188422296 26714
20410 1188422296 44787
20410 1188422296 8338
20410 1188422325 35394
20410 1188422325 827
20410 1188422340 17586
20410 1188422340 35101
20410 1188422340 35609
20410 1188422340 37787
20410 1188422340 45262
20410 1188422354 15533
20410 1188422354 42119
20410 1188422354 43732
20410 1188422368 13927
20410 1188422368 27834
20410 1188422368 35134
20410 1188422383 37573
20410 1188422397 16844
20410 1188422397 31322
20410 1188422397 40510
20410 1188422412 27080
20410 1188422412 28911
20410 1188422412 33716
20410 1188422412 5833
20410 1188422426 3500
20410 1188422426 37594
20410 1188422426 40838
20410 1188422440 32850
20410 1188422440 36103
20410 1188422455 31441
20410 1188422455 8528
20410 1188422469 10646
20410 1188422469 35197
20410 1188422498 11642
20410 1188422498 14287
20410 1188422498 22879
20410 1188422498 31169
20410 1188422498 36664
20410 1188422512 12795
20410 1188422512 24788
20410 1188422512 27213
20410 1188422512 40450
20410 1188422512 49859
20410 1188422512 7953
20410 1188422527 24374
20410 1188422527 25687
20410 1188422527 32752
20410 1188422527 50991
20410 1188422527 6620
20410 1188422556 10925
20410 1188422556 11834
20410 1188422556 23519
20410 1188422556 39731
20410 1188422556 6550
20410 1188422556 9993
20410 1188422570 15559
20410 1188422570 25139
20410 1188422570 28888
20410 1188422570 38451
20410 1188422570 46962
20410 1188422570 9833
20410 1188422584 12573
20410 1188422584 1409
20410 1188422584 29641
20410 1188422584 34934
20410 1188422584 36139
20410 1188422584 8543
20410 1188422599 14830
20410 1188422599 36568
20410 1188422599 44436
20410 1188422613 1244
20410 1188422613 19009
20410 1188422613 20121
20410 1188422613 22861
20410 1188422613 26664
20410 1188422613 29995
20410 1188422613 3842
20410 1188422613 4132
20410 1188422613 41799
20410 1188422613 44007
20410 1188422613 44733
20410 1188422613 7591
20410 1188422628 46324
20410 1188422628 6552
20410 1188422642 42272
20410 1188422642 43832
20410 1188422642 4572
20410 1188422656 1341
20410 1188422656 26563
20410 1188422656 41736
20410 1188422656 5548
20410 1188422656 5631
20410 1188422743 15209
20410 1188422743 20631
20410 1188422743 20836
20410 1188422743 35092
20410 1188422743 35985
20410 1188422772 16678
20410 1188422829 3001
20410 1188422829 37321
20410 1188422829 9973
20410 1188422844 6539
20410 1188422858 2014
20410 1188422858 32507
20410 1188422872 27019
20410 1188422872 31957
20410 1188422872 37023
20410 1188422872 42545
20410 1188422872 49414
20410 1188422901 36937
20410 1188422901 42005
20410 1188422901 45240
20410 1188422901 49298
20410 1188422944 51015
20410 1188422944 51570
20410 1188422959 23377
20410 1188422959 34365
20410 1188422959 40536
20410 1188422959 49728
20410 1188422988 42853
20410 1188422988 45265
20410 1188423002 27743
20410 1188423002 50279
20410 1188423016 2538
20410 1188423016 2813
20410 1188423031 22979
20410 1188423031 24175
20410 1188423031 26679
20410 1188423031 45144
20410 1188423031 4850
20410 1188423031 9767
20410 1188423045 19850
20410 1188423045 29166
20410 1188423045 39362
20410 1188423045 49796
20410 1188423045 8022
20410 1188423060 21748
20410 1188423060 23993
20410 1188423060 5956
20410 1188423074 13439
20410 1188423074 29049
20410 1188423074 33663
20410 1188423074 48119
20410 1188423074 9467
20410 1188423088 39746
20410 1188423088 40015
20410 1188423088 6789
20410 1188423189 1364
20410 1188423189 1679
20410 1188423189 26562
20410 1188423189 33896
20410 1188423189 34634
20410 1188423189 43700
20410 1188423189 45357
20410 1188423189 45998
20410 1188423189 46612
20410 1188423204 67
20410 1188423218 17789
20410 1188423218 42053
