     20410          1188423016
     20412          1188441952
     20412          1188448922
     20412          1188454927
     20412          1188454941
     20412          1188454956
     20412          1188455042
     20412          1188455114
     20412          1188455229
     20412          1188455272
     20412          1188455287
     20412          1188455301
     20412          1188455316
     20412          1188455344
     20412          1188455388
     20413          1188462907
     20413          1188463192
     20413          1188473037
     20414          1188487720
     20414          1188488544
     20416          1188541790
     20421          1188708684
     20421          1188711549
     20421          1188732343
     20422          1188774074
     20423          1188809973
     20423          1188809988
     20423          1188816511
     20438          1188939862
     20438          1188940150
     20438          1188940222
     20438          1188940338
     20438          1188940582
     20438          1188940597
     20438          1188940611
     20438          1188940626
     20438          1188940669
     20438          1188940712
     20438          1188940770
     20438          1188941317
     20438          1188941446
     20438          1188941461
     20438          1188941504
     20438          1188941605
     20438          1188941619
     20438          1188941850
     20438          1188941864
     20438          1188941907
     20438          1188941922
     20438          1188941936
     20438          1188941965
     20438          1188941979
     20438          1188942037
     20438          1188942123
     20438          1188942152
     20438          1188942238
     20438          1188942267
     20438          1188942310
     20438          1188942368
     20438          1188942411
     20438          1188942440
     20438          1188942483
     20438          1188942512
     20438          1188942541
     20438          1188942598
     20438          1188942670
     20438          1188942742
     20438          1188942757
     20438          1188942800
     20438          1188942843
     20438          1188942858
     20438          1188942887
     20438          1188942915
     20438          1188942930
     20438          1188942944
     20438          1188942973
     20438          1188942987
     20438          1188943045
     20438          1188943088
     20438          1188943117
     20438          1188943189
     20438          1188943203
     20438          1188943218
     20438          1188943275
     20438          1188943304
     20438          1188943318
     20438          1188943347
     20438          1188943390
     20438          1188943405
     20438          1188943419
     20438          1188943434
     20438          1188943477
     20438          1188943520
     20438          1188943592
     20438          1188943606
     20438          1188943650
     20438          1188943678
     20438          1188943707
     20438          1188943722
     20438          1188943736
     20438          1188943794
     20438          1188943966
     20438          1188944010
     20438          1188944024
     20438          1188944053
     20438          1188944067
     20438          1188944082
     20438          1188944197
     20438          1188944269
     20438          1188944355
     20438          1188944370
     20438          1188944470
     20438          1188944485
     20438          1188944499
     20438          1188944514
     20438          1188944528
     20438          1188944614
     20438          1188944629
     20438          1188944643
     20438          1188944701
     20438          1188944715
     20438          1188944830
     20438          1188944845
     20438          1188944874
     20438          1188944888
     20438          1188944902
     20438          1188944917
     20438          1188944960
     20438          1188944989
     20438          1188945018
     20438          1188945046
     20438          1188945061
     20438          1188945363
     20438          1188945378
     20438          1188945406
     20438          1188945421
     20438          1188945450
     20438          1188945464
     20438          1188945579
     20438          1188945594
     20438          1188945637
     20438          1188945651
     20438          1188945680
     20438          1188945694
     20438          1188945709
     20438          1188945752
     20438          1188945824
     20438          1188945853
     20438          1188945882
     20438          1188945954
     20438          1188946011
     20438          1188946069
     20438          1188946098
     20438          1188946126
     20438          1188946170
     20438          1188946184
     20438          1188946242
     20438          1188946270
     20438          1188946314
     20438          1188946342
     20438          1188946357
     20438          1188946371
     20438          1188946472
     20438          1188946573
     20438          1188946602
     20438          1188946702
     20438          1188946717
     20438          1188946731
     20438          1188946774
     20438          1188946789
     20438          1188946832
     20438          1188946875
     20438          1188946890
     20438          1188946904
     20438          1188947034
     20438          1188947048
     20438          1188947077
     20438          1188947091
     20438          1188947163
     20438          1188947250
     20438          1188947264
     20438          1188947307
     20438          1188947322
     20438          1188947336
     20438          1188947394
     20438          1188947408
     20438          1188947422
     20438          1188947437
     20438          1188947451
     20438          1188947466
     20438          1188947494
     20438          1188947523
     20438          1188947538
     20438          1188947566
     20438          1188947638
     20438          1188947667
     20438          1188947797
     20438          1188947811
     20438          1188947840
     20438          1188947854
     20438          1188947984
     20438          1188947998
     20438          1188948085
     20438          1188948099
     20438          1188948128
     20438          1188948142
     20438          1188948171
     20438          1188948373
     20438          1188948402
     20438          1188948430
     20438          1188948445
     20438          1188948474
     20438          1188948502
     20438          1188948517
     20438          1188948560
     20438          1188948574
     20438          1188948589
     20438          1188948603
     20438          1188948661
     20438          1188948718
     20438          1188948747
     20438          1188948762
     20438          1188948776
     20438          1188948790
     20438          1188948805
     20438          1188948819
     20438          1188948848
     20438          1188948992
     20438          1188949006
     20438          1188949136
     20438          1188949510
     20438          1188949568
     20438          1188949582
     20438          1188949597
     20438          1188949626
     20438          1188949640
     20438          1188949654
     20438          1188949683
     20438          1188949698
     20438          1188949755
     20438          1188949784
     20438          1188949798
     20438          1188949827
     20438          1188949842
     20438          1188949856
     20438          1188949870
     20438          1188949885
     20438          1188949899
     20438          1188949914
     20438          1188949957
     20438          1188949971
     20438          1188949986
     20438          1188950000
     20438          1188950014
     20438          1188950029
     20438          1188950043
     20438          1188950058
     20438          1188950072
     20438          1188950101
     20438          1188950115
     20438          1188950130
     20438          1188950144
     20438          1188950158
     20438          1188950173
     20438          1188950187
     20438          1188950202
     20438          1188950230
     20438          1188950259
     20438          1188950274
     20438          1188950389
     20438          1188950403
     20438          1188950432
     20438          1188950461
     20438          1188950475
     20438          1188950490
     20438          1188950533
     20438          1188950547
     20438          1188950562
     20438          1188950576
     20438          1188950619
     20438          1188950634
     20438          1188950662
     20438          1188950677
     20438          1188950691
     20438          1188950706
     20438          1188950749
     20438          1188950763
     20438          1188950778
     20438          1188950835
     20438          1188950878
     20438          1188950893
     20438          1188950907
     20438          1188950922
     20438          1188950936
     20438          1188950950
     20438          1188950979
     20438          1188950994
     20438          1188951008
     20438          1188980830
     20440          1189018057
     20443          1189126918
     20444          1189203327
     20445          1189211377
     20448          1189346958
     20448          1189355526
     20448          1189355612
     20459          1189641289
     20459          1189644212
     20460          1189717818
     20460          1189717832
     20460          1189717861
     20460          1189717918
     20460          1189717933
     20460          1189717947
     20460          1189717962
     20461          1189774753
     20461          1189774837
     20461          1189775996
     20469          1189845610
     20469          1189872654
     20469          1189872999
     20469          1189873014
     20469          1189873028
     20469          1189873042
     20469          1189873057
     20469          1189873071
     20469          1189873086
     20469          1189873100
     20469          1189873114
     20469          1189873129
     20469          1189873143
     20470          1189920735
     20470          1189920778
     20470          1189920793
     20470          1189920807
     20470          1189920822
     20470          1189920836
     20470          1189920850
     20470          1189920865
     20470          1189920879
     20471          1189949084
     20472          1189966177
     20472          1189966436
     20474          1189990585
     20474          1190008801
     20474          1190008873
     20474          1190008887
     20474          1190009463
     20474          1190009478
     20474          1190009492
     20474          1190009506
     20474          1190010010
     20474          1190010025
     20474          1190010039
     20474          1190010068
     20474          1190010082
     20474          1190010111
     20474          1190010327
     20475          1190056525
     20477          1190115872
