     20410          1188423016
     20414          1188485788
     20415          1188507247
     20417          1188577111
     20421          1188732343
     20422          1188774074
     20423          1188809973
     20423          1188809988
     20423          1188816511
     20444          1189203327
     20448          1189346958
     20448          1189355526
     20448          1189355612
     20459          1189641289
     20459          1189644212
     20460          1189717818
     20460          1189717832
     20460          1189717861
     20460          1189717918
     20460          1189717933
     20460          1189717947
     20460          1189717962
     20469          1189845610
     20469          1189872654
     20469          1189872999
     20469          1189873014
     20469          1189873028
     20469          1189873042
     20469          1189873057
     20469          1189873071
     20469          1189873086
     20469          1189873100
     20469          1189873114
     20469          1189873129
     20469          1189873143
     20470          1189920735
     20472          1189966177
     20472          1189966436
     20474          1190008801
     20474          1190008873
     20474          1190008887
     20474          1190009463
     20474          1190009478
     20474          1190009492
     20474          1190009506
     20474          1190010010
     20474          1190010025
     20474          1190010039
     20474          1190010068
     20474          1190010082
     20474          1190010111
     20474          1190010327
